alpha=0.010000
beta=0.010000
ntopics=20
ndocs=0
nwords=0
liter=2000
