alpha=0.010000
beta=0.010000
ntopics=7
ndocs=3000
nwords=30173
liter=200
